
   JSDraw210252112362D

 72 71  0  0  0  0              0 V2000
   38.8614  -18.4716    0.0000 O   0  0  0  0  0  0  0  0  0  0  0  0
   40.2514  -19.7975    0.0000 C   0  0  0  0  0  0  0  0  0  0  0  0
   41.6316  -19.1254    0.0000 C   0  0  0  0  0  0  0  0  0  0  0  0
   43.5980  -15.9059    0.0000 O   0  0  0  0  0  0  0  0  0  0  0  0
   45.3257  -14.9346    0.0000 C   0  0  0  0  0  0  0  0  0  0  0  0
   46.3689  -15.6158    0.0000 C   0  0  0  0  0  0  0  0  0  0  0  0
   47.3673  -14.0728    0.0000 O   0  0  0  0  0  0  0  0  0  0  0  0
   49.2278  -14.0728    0.0000 C   0  0  0  0  0  0  0  0  0  0  0  0
   50.9280  -15.9374    0.0000 O   0  0  0  0  0  0  0  0  0  0  0  0
   50.0939  -12.4261    0.0000 C   0  0  0  0  0  0  0  0  0  0  0  0
   51.5806  -12.5154    0.0000 C   0  0  0  0  0  0  0  0  0  0  0  0
   52.5909  -11.2734    0.0000 C   0  0  0  0  0  0  0  0  0  0  0  0
   54.0694  -11.2734    0.0000 C   0  0  0  0  0  0  0  0  0  0  0  0
   55.0226  -10.0846    0.0000 C   0  0  0  0  0  0  0  0  0  0  0  0
   56.5662  -10.0846    0.0000 C   0  0  0  0  0  0  0  0  0  0  0  0
   57.5114   -8.8681    0.0000 C   0  0  0  0  0  0  0  0  0  0  0  0
   59.0549   -8.8681    0.0000 C   0  0  0  0  0  0  0  0  0  0  0  0
   60.0575   -7.6235    0.0000 C   0  0  0  0  0  0  0  0  0  0  0  0
   59.5766   -5.8525    0.0000 C   0  0  0  0  0  0  0  0  0  0  0  0
   60.9794   -4.7040    0.0000 C   0  0  0  0  0  0  0  0  0  0  0  0
   62.7384   -5.3852    0.0000 C   0  0  0  0  0  0  0  0  0  0  0  0
   63.6917   -4.1925    0.0000 C   0  0  0  0  0  0  0  0  0  0  0  0
   65.2353   -4.1925    0.0000 C   0  0  0  0  0  0  0  0  0  0  0  0
   66.1885   -2.9721    0.0000 C   0  0  0  0  0  0  0  0  0  0  0  0
   67.7731   -2.9721    0.0000 C   0  0  0  0  0  0  0  0  0  0  0  0
   68.5422   -1.5600    0.0000 C   0  0  0  0  0  0  0  0  0  0  0  0
   43.0214  -19.7975    0.0000 C   0  0  0  0  0  0  0  0  0  0  0  0
   44.8333  -19.0847    0.0000 O   0  0  0  0  0  0  0  0  0  0  0  0
   46.9115  -20.2576    0.0000 C   0  0  0  0  0  0  0  0  0  0  0  0
   48.5281  -19.1605    0.0000 C   0  0  0  0  0  0  0  0  0  0  0  0
   50.6897  -20.3938    0.0000 O   0  0  0  0  0  0  0  0  0  0  0  0
   53.6255  -20.2230    0.0000 C   0  0  0  0  0  0  0  0  0  0  0  0
   54.5214  -18.9791    0.0000 C   0  0  0  0  0  0  0  0  0  0  0  0
   56.0471  -19.1333    0.0000 C   0  0  0  0  0  0  0  0  0  0  0  0
   56.9425  -17.8906    0.0000 C   0  0  0  0  0  0  0  0  0  0  0  0
   58.4662  -18.0445    0.0000 C   0  0  0  0  0  0  0  0  0  0  0  0
   59.3616  -16.8017    0.0000 C   0  0  0  0  0  0  0  0  0  0  0  0
   60.8854  -16.9556    0.0000 C   0  0  0  0  0  0  0  0  0  0  0  0
   61.7809  -15.7129    0.0000 C   0  0  0  0  0  0  0  0  0  0  0  0
   63.3046  -15.8668    0.0000 C   0  0  0  0  0  0  0  0  0  0  0  0
   64.2000  -14.6240    0.0000 C   0  0  0  0  0  0  0  0  0  0  0  0
   63.5714  -13.2273    0.0000 C   0  0  0  0  0  0  0  0  0  0  0  0
   64.4667  -11.9845    0.0000 C   0  0  0  0  0  0  0  0  0  0  0  0
   63.8380  -10.5877    0.0000 C   0  0  0  0  0  0  0  0  0  0  0  0
   64.7333   -9.3450    0.0000 C   0  0  0  0  0  0  0  0  0  0  0  0
   64.1046   -7.9483    0.0000 C   0  0  0  0  0  0  0  0  0  0  0  0
   65.2022   -6.8798    0.0000 C   0  0  0  0  0  0  0  0  0  0  0  0
   66.6762   -7.2960    0.0000 C   0  0  0  0  0  0  0  0  0  0  0  0
   67.7738   -6.2278    0.0000 C   0  0  0  0  0  0  0  0  0  0  0  0
   54.2838  -22.6590    0.0000 O   0  0  0  0  0  0  0  0  0  0  0  0
   35.8968  -18.4716    0.0000 C   0  0  0  0  0  0  0  0  0  0  0  0
   34.2661  -19.4204    0.0000 C   0  0  0  0  0  0  0  0  0  0  0  0
   32.4950  -18.9453    0.0000 O   0  0  0  0  0  0  0  0  0  0  0  0
   31.1365  -19.7296    0.0000 C   0  0  0  0  0  0  0  0  0  0  0  0
   31.1365  -22.3907    0.0000 O   0  0  0  0  0  0  0  0  0  0  0  0
   29.7193  -19.0574    0.0000 C   0  0  0  0  0  0  0  0  0  0  0  0
   28.3936  -19.7296    0.0000 C   0  0  0  0  0  0  0  0  0  0  0  0
   26.9859  -19.0574    0.0000 C   0  0  0  0  0  0  0  0  0  0  0  0
   25.6504  -19.7296    0.0000 C   0  0  0  0  0  0  0  0  0  0  0  0
   24.2153  -19.0574    0.0000 C   0  0  0  0  0  0  0  0  0  0  0  0
   22.8804  -19.7296    0.0000 C   0  0  0  0  0  0  0  0  0  0  0  0
   21.4906  -19.0574    0.0000 C   0  0  0  0  0  0  0  0  0  0  0  0
   20.1100  -19.7296    0.0000 C   0  0  0  0  0  0  0  0  0  0  0  0
   18.7205  -19.0574    0.0000 C   0  0  0  0  0  0  0  0  0  0  0  0
   18.3618  -17.5497    0.0000 C   0  0  0  0  0  0  0  0  0  0  0  0
   16.7811  -17.1500    0.0000 C   0  0  0  0  0  0  0  0  0  0  0  0
   15.5142  -18.6395    0.0000 C   0  0  0  0  0  0  0  0  0  0  0  0
   14.0793  -17.9675    0.0000 C   0  0  0  0  0  0  0  0  0  0  0  0
   12.6893  -18.6395    0.0000 C   0  0  0  0  0  0  0  0  0  0  0  0
   11.3633  -17.9675    0.0000 C   0  0  0  0  0  0  0  0  0  0  0  0
    9.9737  -18.6395    0.0000 C   0  0  0  0  0  0  0  0  0  0  0  0
    8.6967  -17.7719    0.0000 C   0  0  0  0  0  0  0  0  0  0  0  0
  1  2  1  0  0  0  0
  2  3  1  0  0  0  0
  3  4  1  0  0  0  0
  4  5  1  0  0  0  0
  5  6  1  0  0  0  0
  6  7  1  0  0  0  0
  7  8  1  0  0  0  0
  8  9  2  0  0  0  0
  8 10  1  0  0  0  0
 10 11  1  0  0  0  0
 11 12  1  0  0  0  0
 12 13  1  0  0  0  0
 13 14  1  0  0  0  0
 14 15  1  0  0  0  0
 15 16  1  0  0  0  0
 16 17  1  0  0  0  0
 17 18  2  0  0  0  0
 18 19  1  0  0  0  0
 19 20  1  0  0  0  0
 20 21  1  0  0  0  0
 21 22  1  0  0  0  0
 22 23  1  0  0  0  0
 23 24  1  0  0  0  0
 24 25  1  0  0  0  0
 25 26  1  0  0  0  0
  3 27  1  0  0  0  0
 27 28  1  0  0  0  0
 28 29  1  0  0  0  0
 29 30  1  0  0  0  0
 30 31  1  0  0  0  0
 32 31  1  0  0  0  0
 32 33  1  0  0  0  0
 33 34  1  0  0  0  0
 34 35  1  0  0  0  0
 35 36  1  0  0  0  0
 37 36  1  0  0  0  0
 38 37  1  0  0  0  0
 39 38  1  0  0  0  0
 40 39  1  0  0  0  0
 41 40  2  0  0  0  0
 42 41  1  0  0  0  0
 43 42  1  0  0  0  0
 44 43  1  0  0  0  0
 45 44  1  0  0  0  0
 46 45  1  0  0  0  0
 47 46  1  0  0  0  0
 48 47  1  0  0  0  0
 48 49  1  0  0  0  0
 50 32  2  0  0  0  0
  1 51  1  0  0  0  0
 51 52  1  0  0  0  0
 52 53  1  0  0  0  0
 53 54  1  0  0  0  0
 54 55  2  0  0  0  0
 54 56  1  0  0  0  0
 56 57  1  0  0  0  0
 57 58  1  0  0  0  0
 58 59  1  0  0  0  0
 59 60  1  0  0  0  0
 60 61  1  0  0  0  0
 61 62  1  0  0  0  0
 62 63  1  0  0  0  0
 63 64  2  0  0  0  0
 64 65  1  0  0  0  0
 65 66  1  0  0  0  0
 66 67  1  0  0  0  0
 67 68  1  0  0  0  0
 68 69  1  0  0  0  0
 69 70  1  0  0  0  0
 70 71  1  0  0  0  0
 71 72  1  0  0  0  0
M  STY  1   1 SRU
M  SCN  1   1 HT 
M  SAL   1  3  51   1  52
M  SBL   1  2   1  52
M  SMT   1 n
M  SDI   1  4   33.3805  -20.0532   33.3805  -18.2641
M  SDI   1  4   39.5564  -18.2641   39.5564  -20.0532
M  STY  1   2 SRU
M  SCN  1   2 HT 
M  SAL   2  3  29  28  30
M  SBL   2  2  27  30
M  SMT   2 m
M  SDI   2  4   43.9274  -20.6476   43.9274  -18.5706
M  SDI   2  4   49.6088  -18.5706   49.6088  -20.6476
M  STY  1   3 SRU
M  SCN  1   3 HT 
M  SAL   3  3   5   4   6
M  SBL   3  2   3   6
M  SMT   3 k
M  SDI   3  4   41.7445  -17.5156   41.7445  -14.8443
M  SDI   3  4   47.7385  -14.8443   47.7385  -17.5156
M  END